100 1 0.001 -0.2091981 -1.295008 0.505288 1.052892 1.005732 -0.9579379 
100 1 0.01 -0.02293234 -1.400423 0.5786753 1.285901 1.038617 -0.9770766 
100 1 0.1 0.03412359 -1.07779 0.9974156 2.610566 1.016949 -0.9421956 
100 1 10 -0.6089761 -0.4293004 1.0151 0.6172002 1.035254 -0.944802 
100 1 1 -0.1799793 -1.214978 0.6186584 0.9785677 1.013824 -0.9552617 
100 1 Inf -0.2863338 -0.500166 1.199088 1.519215 1.025876 -0.9836276 
10 1 0.001 -0.5213933 -1.314134 0.1086313 1.460659 1.043427 -1.03339 
10 1 0.01 -0.131626 -0.7301066 1.067454 1.14601 1.036663 -1.002662 
10 1 0.1 -0.3825224 -0.1346947 1.442758 1.951808 1.049678 -1.010595 
10 1 10 -0.130349 -0.9612643 0.8258713 1.079985 1.046332 -1.034499 
10 1 1 -0.006489609 -0.8551911 1.081248 2.034724 1.047173 -1.012765 
10 1 Inf 0.2882069 -1.236641 1.037596 1.720011 1.00264 -0.9949768 
11 1 0.001 -0.9475558 -1.126748 0.03122225 2.705856 1.057693 -1.002912 
11 1 0.01 -1.721211 -0.5829429 -0.08696064 1.311152 1.079935 -1.010211 
11 1 0.1 -1.407865 -0.6368379 0.1682773 1.398113 1.075189 -1.003581 
11 1 10 -0.9288065 -0.83919 0.4001854 1.681564 1.048573 -0.9941192 
11 1 1 -1.338695 -0.9498944 -0.08774413 2.274369 1.032049 -1.015368 
11 1 Inf -0.1978168 -0.9551307 0.7552036 1.583125 1.011934 -1.058761 
12 1 0.001 -0.4316007 -0.2707366 1.397196 1.713807 1.213872 -1.321408 
12 1 0.01 -0.1380615 -1.02545 0.9149468 0.9759627 0.8713775 -0.981002 
12 1 0.1 -0.229905 -1.561058 0.3907609 2.714076 0.8533313 -0.9935966 
12 1 10 0.08322871 -1.175756 1.01963 1.971535 0.8714999 -0.9687768 
12 1 1 -0.3492718 -0.8108621 0.8775681 0.6423368 0.8902547 -0.9860996 
12 1 Inf -0.1148277 -0.6973295 1.191645 1.812301 1.018638 -1.024042 
13 1 0.001 0.002816536 -1.293248 0.7126983 0.6607351 1.051068 -0.949091 
13 1 0.01 -0.2022347 -1.058729 0.7391186 0.4940892 1.065792 -0.948295 
13 1 0.1 0.0422119 -1.295158 0.7853823 0.7317063 1.020074 -0.9322402 
13 1 10 -0.04613715 -1.242465 0.7512104 0.6134492 1.023456 -0.9457753 
13 1 1 -0.4187327 -1.275927 0.3155161 0.5346597 1.030317 -0.9584442 
13 1 Inf 0.192388 -1.077313 0.9882594 1.635358 1.071574 -0.9994736 
14 1 0.001 -1.207734 -0.1123504 0.7282515 0.2786284 1.103675 -1.152241 
14 1 0.01 -0.3852612 -0.5620172 0.9968803 0.3478278 1.031465 -1.078942 
14 1 0.1 0.01617856 -0.9319076 1.002131 0.4381316 1.016422 -1.066293 
14 1 10 -0.4306801 -0.3684524 1.136555 0.3702666 1.029661 -1.047324 
14 1 1 0.1443851 -0.5585122 1.493833 0.6349771 1.021969 -1.050978 
14 1 Inf 0.07799435 -0.7937097 1.326421 2.242943 1.039828 -0.9610007 
15 1 0.001 -0.25386 -0.2902172 1.465826 2.039648 1.055369 -0.9774968 
15 1 0.01 -0.4705319 -0.3804354 1.151158 0.7515164 1.055568 -0.9999596 
15 1 0.1 -0.6752935 -0.2893793 1.04452 0.6332678 1.060991 -0.9995636 
15 1 10 -0.3523035 -0.1940827 1.473158 1.612249 1.068853 -0.9855935 
15 1 1 -0.5499214 -0.2894576 1.173808 0.7963055 1.062391 -0.9888414 
15 1 Inf -0.01267386 -1.247042 0.7173038 1.640772 0.9942534 -1.094477 
16 1 0.001 0.1674225 -1.009628 1.099763 0.9663887 1.065526 -0.9857864 
16 1 0.01 -0.5470053 -1.220782 0.1583549 0.5994912 1.05393 -1.035401 
16 1 0.1 -0.2810309 -0.9210827 0.7230976 0.5207495 1.090933 -1.021138 
16 1 10 -1.397963 -1.022421 -0.4468276 0.5068487 1.07154 -1.028303 
16 1 1 -0.4468119 -0.1747163 1.389784 0.8056516 1.091979 -0.9996115 
16 1 Inf 0.148496 -1.007598 0.9827697 1.065596 1.089082 -1.0293 
17 1 0.001 -1.741066 -0.4062145 0.05574659 0.3177219 1.326339 -1.594228 
17 1 0.01 0.8679345 -1.523091 0.9455828 2.328409 1.016071 -1.254882 
17 1 0.1 0.360532 -1.187201 0.7877494 0.6739377 1.052914 -1.266064 
17 1 10 0.5164138 -1.222584 0.8859772 0.7554488 1.038051 -1.255883 
17 1 1 0.26163 -1.626012 0.3776272 1.327912 1.017699 -1.264804 
17 1 Inf -0.883107 -0.3619737 0.7830843 0.4377883 1.032078 -1.069242 
18 1 0.001 -0.2210605 -0.7619784 0.8426127 0.8198629 0.6769107 -0.6635755 
18 1 0.01 -0.4123964 -0.3755806 1.156373 0.7798294 1.015353 -0.9796267 
18 1 0.1 -0.7787938 -0.5142627 0.6483802 0.538193 1.001861 -0.9817395 
18 1 10 -0.7659755 0.008330918 1.21418 1.009753 1.016239 -0.9797353 
18 1 1 -0.9786632 -0.3041454 0.6677822 0.5059619 1.015863 -0.9839959 
18 1 Inf -0.04735739 -1.057632 0.7968054 0.9679323 1.018293 -1.001139 
19 1 0.001 -1.917734 -0.3785704 0.09604601 0.2620953 1.401558 -1.329637 
19 1 0.01 -0.516645 -0.8460824 0.5264908 0.5135042 1.072319 -1.00901 
19 1 0.1 -0.3704234 -0.980158 0.5591278 0.6029487 1.084613 -1.022764 
19 1 10 -0.04028094 -0.9231066 0.938802 0.8453207 1.077176 -1.00219 
19 1 1 -0.6825117 -0.7301233 0.4968612 0.4494424 1.090145 -1.019481 
19 1 Inf -0.482265 -0.8844504 0.5964074 0.8728631 1.047338 -1.033234 
1 1 0.001 -1.005836 -0.5160869 0.5649224 0.7234191 1.091838 -1.131608 
1 1 0.01 -0.05289617 -0.9892141 0.865146 0.9579033 1.037959 -1.080638 
1 1 0.1 -0.006729479 -0.9923234 0.9050089 1.027174 1.024451 -1.067422 
1 1 10 0.1853742 -1.113181 0.9815861 1.811298 1.009411 -1.068913 
1 1 1 0.086351 -1.012605 0.9686917 1.223617 1.023814 -1.071727 
1 1 Inf -0.04687879 -1.01894 0.8430627 0.6018872 1.0639 -1.071427 
20 1 0.001 -0.1753387 -0.1414392 1.479051 1.808098 0.5275628 -0.5124857 
20 1 0.01 0.5365678 -1.087405 1.432252 1.343953 1.033037 -0.9902641 
20 1 0.1 0.4466964 -1.228971 1.186208 0.9471701 1.007577 -0.9690621 
20 1 10 -0.6780329 -1.37499 -0.08973895 0.4873704 1.011696 -1.002852 
20 1 1 0.1372274 -0.6099241 1.517997 0.7924954 1.021296 -0.9797553 
20 1 Inf -0.5148631 -1.269563 0.2669319 1.553527 0.9273096 -0.9969535 
21 1 0.001 -0.006634786 -0.8975315 1.001573 0.7133218 0.817105 -0.6393028 
21 1 0.01 -0.4872835 -0.4533067 1.092499 0.4609459 1.195868 -0.9203803 
21 1 0.1 0.08289418 -1.156238 0.7974893 0.6096111 1.170008 -0.9347588 
21 1 10 -0.2605793 -0.6300618 1.112941 0.5089953 1.183421 -0.9188671 
21 1 1 -0.628373 -0.5670317 0.7751689 0.3645018 1.189279 -0.9413529 
21 1 Inf 0.184069 -1.135273 0.999225 1.548664 0.9978811 -1.005041 
22 1 0.001 0.004220742 -0.1975675 1.752849 1.580877 1.013563 -0.9995695 
22 1 0.01 -0.9153653 -0.06078112 0.9811745 0.4159817 1.004628 -0.9914597 
22 1 0.1 -0.5564287 -0.1924127 1.237565 0.5595248 1.018324 -1.001702 
22 1 10 -0.5868277 -0.07372404 1.325534 0.6343856 1.02083 -0.9986573 
22 1 1 -0.4699045 -0.2173813 1.299922 0.6306177 1.010645 -0.9982327 
22 1 Inf -0.6985252 -0.05667465 1.383271 0.9699581 1.058326 -0.9023867 
23 1 0.001 -0.09688548 -0.6105076 1.262784 0.8278182 1.109182 -0.9769985 
23 1 0.01 0.09244419 -0.7388304 1.310331 1.121495 1.112153 -0.9799871 
23 1 0.1 0.02451969 -0.7020681 1.310535 1.814056 1.114552 -0.9890905 
23 1 10 0.1473861 -0.8644684 1.241647 1.142772 1.103875 -0.9806913 
23 1 1 -0.1089 -0.7336653 1.114753 0.707258 1.105256 -0.9950964 
23 1 Inf -0.08306112 -1.071138 0.6775125 0.6124176 1.145834 -0.9531615 
24 1 0.001 -0.1917748 -0.8388783 0.9171512 0.6779431 1.057818 -1.031622 
24 1 0.01 0.080172 -1.046993 0.9935969 1.077372 1.026661 -1.018915 
24 1 0.1 -0.1419376 -0.6560148 1.177653 0.8704561 1.06289 -1.013968 
24 1 10 -0.1244056 -0.8762008 0.9488489 0.7382049 1.04799 -1.026836 
24 1 1 -0.1671773 -1.266412 0.5458597 0.9306429 1.01477 -1.039148 
24 1 Inf 0.06866546 -0.9336004 1.058445 1.081148 1.10073 -1.027801 
25 1 0.001 -0.004346758 -0.7598938 1.183588 1.197456 0.9426219 -1.02772 
25 1 0.01 -0.5965386 -1.349325 0.09452619 0.9752696 0.961499 -1.062016 
25 1 0.1 -0.05998905 -0.6282464 1.26253 1.359297 0.9441606 -1.023406 
25 1 10 -0.2882528 -1.33026 0.3919327 1.164896 0.9464445 -1.034752 
25 1 1 -0.01536559 -0.9001366 1.054239 1.118439 0.9466639 -1.031553 
25 1 Inf -0.3594948 -0.7242721 0.8864867 0.4655673 1.013448 -1.028854 
26 1 0.01 -0.09693577 -0.6664084 1.184337 1.091493 1.020041 -1.040146 
26 1 0.1 -0.202895 -0.6611506 1.07362 0.8078877 1.030221 -1.060177 
26 1 10 -0.02435083 -0.7558698 1.155783 1.092323 1.017977 -1.041648 
26 1 1 -0.1551735 -0.7331985 1.054355 0.8381997 1.020775 -1.051876 
26 1 Inf -0.2973218 -0.8238274 0.9372233 0.9755892 1.073047 -1.037585 
27 1 0.001 -0.2151469 -1.040714 0.3154422 2.687646 0.2843968 -0.2876413 
27 1 0.01 -0.4964887 -0.7656018 0.8296085 0.8289678 0.9590322 -0.9653185 
27 1 0.1 -0.1990103 -1.027991 0.8842549 1.502249 0.950931 -0.9636432 
27 1 10 -0.3666874 -0.8883314 0.8481452 1.051433 0.9639039 -0.9729229 
27 1 1 -0.3954284 -0.7952531 0.9167271 1.037228 0.9607737 -0.9633482 
27 1 Inf 0.1089046 -1.41387 0.8343033 1.146843 0.7984847 -1.013343 
28 1 0.001 -0.6538639 -0.5122931 0.8639367 0.8214205 1.17732 -1.083544 
28 1 0.01 -0.4604244 -0.3898381 1.174182 1.341119 1.055193 -0.9988065 
28 1 0.1 -0.2690042 -0.8375641 0.8980596 1.266099 1.060747 -1.012139 
28 1 10 -0.4839255 -0.9389601 0.5847028 0.9780386 1.039544 -1.003444 
28 1 1 -0.38523 -0.8930568 0.7203216 1.052091 1.051399 -1.006935 
28 1 Inf -0.1729819 -1.496904 0.3393431 2.246614 1.079884 -1.005137 
29 1 0.001 -0.1125191 -1.244324 1.219256 1.070361 1.471636 -1.208827 
29 1 0.01 -0.1519272 -1.057693 0.7972672 0.8008511 0.9704126 -1.029193 
29 1 0.1 -0.003258494 -1.257291 0.7559712 1.20579 1.011033 -1.068257 
29 1 10 -0.1622288 -1.12526 0.7199806 0.8395782 0.9788879 -1.042588 
29 1 1 -0.07790697 -1.118044 0.8139019 0.9480402 0.9805412 -1.033484 
29 1 Inf -0.3599985 -1.010228 0.6778204 0.851841 1.086095 -0.8865467 
2 1 0.001 0.3641903 -1.630896 1.042707 1.095106 1.102898 -1.085146 
2 1 0.01 -0.08518533 -1.073322 0.7669615 0.4842511 1.042926 -1.055255 
2 1 0.1 0.2482492 -1.229538 0.93826 0.714473 1.022925 -1.03541 
2 1 10 0.02923321 -1.219847 0.7272514 0.5626807 1.02129 -1.041478 
2 1 1 0.654451 -1.142968 1.415406 1.800036 1.023044 -1.033421 
2 1 Inf -0.4099704 -0.7232555 0.8144844 0.7440888 1.10161 -1.047315 
30 1 0.01 -0.1532454 -0.9407513 0.7449708 0.6596188 1.121531 -1.032164 
30 1 0.1 -0.1367732 -0.8704454 0.8402171 0.6719859 1.151969 -1.045838 
30 1 10 0.2163341 -1.004116 1.058692 1.321462 1.120467 -1.010747 
30 1 1 0.02772219 -0.5237209 1.394794 1.531988 1.138965 -1.013613 
30 1 Inf -0.4495321 -0.8279884 0.6809179 0.6336049 1.004566 -1.100366 
31 1 0.001 -0.128379 -0.122457 1.736837 0.8962318 1.103874 -0.9480138 
31 1 0.01 0.4440906 -1.12655 1.149233 0.6071627 1.10068 -0.9703651 
31 1 0.1 0.39606 -1.080221 1.153043 0.5781429 1.119534 -0.9876353 
31 1 10 0.3510074 -0.6210628 1.649626 0.9154647 1.101733 -0.9544004 
31 1 1 0.6984007 -1.182603 1.37514 1.085358 1.091444 -0.9515962 
31 1 Inf -0.188515 -0.7333587 1.055907 0.7274826 0.966903 -1.016046 
32 1 0.001 -0.1550737 -0.7047374 1.043338 0.8304697 1.054776 -1.04739 
32 1 0.01 0.1282871 -1.045167 0.9697132 1.395456 1.031963 -1.042064 
32 1 0.1 -0.06946299 -0.7164619 1.10905 0.92345 1.046217 -1.035876 
32 1 10 -0.3247093 -0.5246294 1.062286 0.7288073 1.042529 -1.034135 
32 1 1 -0.01364698 -0.8148944 1.07079 1.020608 1.038892 -1.032454 
32 1 Inf -0.03463407 -0.9098181 0.9605907 0.6652085 1.09922 -1.022921 
33 1 0.001 0.2344123 -0.7395059 1.519312 2.22455 0.8904226 -1.04506 
33 1 0.01 -0.4624509 -1.780654 -0.01933343 2.139186 0.8574226 -1.062762 
33 1 0.1 0.1328309 -1.076911 1.114402 1.038203 0.8741744 -1.055246 
33 1 10 0.1212641 -0.6045781 1.52625 1.862663 0.8875344 -1.04204 
33 1 1 0.1649577 -1.43573 0.8668866 2.233716 0.8715356 -1.058995 
33 1 Inf 0.2462012 -1.463889 0.7853052 1.204581 0.9884355 -1.009417 
34 1 0.001 0.4789215 -1.32533 0.8470816 0.6834591 1.024725 -1.039252 
34 1 0.01 0.2162197 -0.9763995 0.9316695 0.4612741 1.016882 -1.018156 
34 1 0.1 0.7320416 -1.295188 1.140833 1.062241 1.00135 -1.008511 
34 1 10 0.7586801 -1.043019 1.428247 1.204413 1.015031 -1.002274 
34 1 1 0.582705 -1.120664 1.15367 0.7406715 1.015189 -1.01337 
34 1 Inf -0.3368061 -0.3514802 1.226533 0.8157255 1.035576 -1.038381 
35 1 0.001 0.06325083 -0.9601166 0.930584 1.786468 0.7979324 -0.6095588 
35 1 0.01 -0.01875941 -0.6864561 1.178372 1.650334 1.320586 -1.00726 
35 1 0.1 -0.5853859 -0.2523259 1.197268 1.22829 1.32385 -1.011345 
35 1 10 -0.5872981 -0.2434649 1.205796 1.219281 1.330904 -1.014458 
35 1 1 -0.4220398 -0.2621142 1.338972 1.738358 1.329278 -1.011227 
35 1 Inf 0.4259214 -0.956695 1.351105 0.8355195 1.060403 -1.014381 
36 1 0.001 -0.1935191 -1.278558 0.6411444 2.589522 0.9409385 -1.0126 
36 1 0.01 -0.04607159 -1.049569 0.9048473 0.7073924 0.9626978 -1.013426 
36 1 0.1 -0.1217197 -1.012444 0.8641789 0.6393863 0.959549 -1.008014 
36 1 10 -0.1662118 -1.021496 0.8124109 0.6069259 0.9571772 -1.01147 
36 1 1 -0.3036454 -0.8619767 0.8215225 0.5202171 0.9724259 -1.010752 
36 1 Inf -0.01519986 -0.7117377 1.18282 0.9815963 1.01686 -1.043377 
37 1 0.001 -0.3258166 -0.8985834 0.8436288 0.7304698 0.9842051 -0.9953457 
37 1 0.01 -0.2408086 -1.162187 0.687571 1.00152 0.9725531 -1.007815 
37 1 0.1 -0.5826788 -1.456398 0.0681736 1.552678 0.9665303 -1.010434 
37 1 10 -0.1791621 -1.136604 0.7714367 1.069793 0.9720677 -1.004841 
37 1 1 -0.1527503 -1.334657 0.6037835 1.568325 0.9744898 -1.009589 
37 1 Inf 0.1200864 -1.316398 0.7562571 1.207551 1.014471 -1.041806 
38 1 0.001 -0.3028735 -1.110525 0.7656062 1.3258 0.9435883 -1.007974 
38 1 0.01 -0.5059664 -1.308572 0.3775577 1.320255 0.9399764 -1.028005 
38 1 0.1 -0.4390833 -1.187311 0.5505059 1.072998 0.9405428 -1.026321 
38 1 10 -0.1296521 -0.7261444 1.284165 1.423771 0.9449631 -1.002961 
38 1 1 -0.2483943 -0.9691155 0.9522003 1.427488 0.944992 -0.9994892 
38 1 Inf 0.5324088 -1.821757 0.6297347 2.240306 1.021572 -1.114222 
39 1 0.001 -0.2881877 -1.232931 0.3989833 0.9117093 1.051101 -1.057984 
39 1 0.01 -0.355153 -1.225335 0.3460343 0.8714574 1.056307 -1.06272 
39 1 0.1 -0.239104 -1.290897 0.3989169 1.038914 1.054999 -1.060057 
39 1 10 -0.05411756 -1.435635 0.4414489 2.287482 1.041703 -1.054476 
39 1 1 -0.5278073 -0.9987349 0.4149505 0.6080531 1.05822 -1.049596 
39 1 Inf -0.007814407 -0.9397183 0.9910701 2.033741 1.056939 -0.9882426 
3 1 0.001 -0.960841 -3.397963 -0.8409106 0.09161789 1.647553 -1.726647 
3 1 0.01 0.1796123 -0.8250286 1.262722 1.034578 1.046709 -0.9938499 
3 1 0.1 0.2203192 -1.141602 0.9593892 0.9068782 1.040932 -1.015654 
3 1 10 0.03646928 -1.081337 0.836656 0.6815028 1.046991 -1.017869 
3 1 1 0.2528796 -1.022467 1.119721 0.9963737 1.047388 -1.003995 
3 1 Inf -0.4138842 -0.2155269 1.393674 1.445557 1.029344 -1.011543 
40 1 0.001 0.06760778 -1.049817 0.9285724 0.9105973 0.9808 -0.9602113 
40 1 0.01 -0.4319227 -1.107642 0.3774918 0.5846319 1.018142 -1.02047 
40 1 0.1 -0.08414134 -1.118261 0.7185322 0.7672956 1.003021 -1.002756 
40 1 10 -0.03151449 -0.9736921 0.9114167 0.7815086 1.010695 -0.9869348 
40 1 1 -0.06573581 -1.332236 0.5205956 1.021735 0.9970058 -1.0105 
40 1 Inf -0.178925 -0.7254599 0.9456779 0.7543569 1.031453 -1.091997 
41 1 0.001 -0.2672674 -0.9550211 0.6691241 0.428826 1.30921 -1.206955 
41 1 0.01 0.1404244 -1.084357 0.8579907 0.4830397 1.064151 -0.9783458 
41 1 0.1 0.466768 -0.9779123 1.321208 0.7565457 1.084446 -0.9753296 
41 1 10 0.386005 -1.158555 1.036678 0.6398024 1.070453 -0.9776497 
41 1 1 0.259875 -1.097117 0.9783039 0.5540875 1.072219 -0.9772794 
41 1 Inf -0.5707553 -0.3710709 1.063261 0.7717416 1.032454 -0.9874422 
42 1 0.001 -0.03447464 -1.338067 0.3922787 3.161494 0.4486965 -0.4308727 
42 1 0.01 0.4028159 -1.479742 0.7661182 1.262027 1.041291 -0.996495 
42 1 0.1 0.3703048 -1.303099 0.921103 1.007024 1.040465 -0.9885716 
42 1 10 0.5414339 -1.322487 1.064387 1.413071 1.044947 -0.9947012 
42 1 1 0.2247659 -0.6102489 1.513376 1.143848 1.056349 -0.9747237 
42 1 Inf 0.9360453 -0.8340695 2.076447 1.072153 0.9689633 -1.000287 
43 1 0.001 -0.007867159 -1.485885 0.3921483 1.185195 0.9915475 -1.071618 
43 1 0.01 0.3565234 -1.348148 0.8708383 1.368787 0.9861884 -1.069443 
43 1 0.1 0.2392359 -1.483233 0.6307338 1.562744 0.9936585 -1.072064 
43 1 10 0.2543795 -1.006256 1.082597 0.9112906 1.003808 -1.066223 
43 1 1 0.2090762 -1.093229 0.9495206 0.8408973 1.005039 -1.073632 
43 1 Inf -0.785609 -0.890579 0.2933216 0.4492196 1.011093 -1.044893 
44 1 0.001 -0.1221013 -1.150658 0.5227177 1.214512 0.799872 -1.14156 
44 1 0.01 -0.4737782 -0.7998494 0.5337178 0.7626968 0.981222 -1.375775 
44 1 0.1 -0.0358438 -1.019753 0.7038209 1.415113 0.9735537 -1.361125 
44 1 10 -0.6541168 -1.005541 0.2569827 0.8651535 0.9734773 -1.378897 
44 1 1 0.108747 -1.150185 0.7144064 2.16119 0.9616833 -1.369067 
44 1 Inf -0.2337171 -1.492709 0.3225058 1.177779 0.9258326 -1.108376 
45 1 0.001 -0.3989022 -1.434734 0.2167934 1.346149 0.971873 -0.970209 
45 1 0.01 0.05514379 -1.090275 1.018344 1.231506 1.007817 -0.9837951 
45 1 0.1 -0.08744965 -1.398498 0.5652965 1.541695 0.9740008 -0.9716497 
45 1 10 -0.59103 -0.004388025 1.483632 1.524432 0.9876108 -0.9449732 
45 1 1 0.03051168 -1.219058 0.8565567 1.554199 0.9848214 -0.9691955 
45 1 Inf 0.3192383 -1.481102 0.7792359 3.759326 1.001245 -1.031947 
46 1 0.001 -1.741265 -2.798332 -1.461597 0.210816 1.976622 -2.043695 
46 1 0.01 -0.1939677 -0.6511527 1.032298 0.8716556 1.149356 -1.097838 
46 1 0.1 0.189067 -0.8729226 1.162762 1.859109 1.099181 -1.077729 
46 1 10 -0.3631114 -0.7883676 0.7180348 0.6250866 1.09835 -1.084372 
46 1 1 0.03125449 -1.003636 0.8894138 1.156223 1.081567 -1.065843 
46 1 Inf -0.4308852 -0.9053907 0.5442746 0.5969242 1.102822 -1.058498 
47 1 0.001 -0.1587241 -0.6425862 0.7380438 1.594826 0.2911329 -0.2832324 
47 1 0.01 0.04265206 -0.7564722 1.236497 1.079511 1.057702 -0.9970334 
47 1 0.1 0.009955681 -0.1657675 1.855031 1.448221 1.11683 -0.9575096 
47 1 10 -0.2649261 -0.4232286 1.245343 0.7482312 1.160317 -0.9956333 
47 1 1 0.05449605 -0.8864971 1.113507 0.9836468 1.040924 -1.005846 
47 1 Inf 0.7104151 -1.204035 1.236683 0.9907401 1.035937 -1.076295 
48 1 0.001 -0.3364174 -1.11926 0.5398654 1.297063 1.049761 -1.031568 
48 1 0.01 -0.1364866 -0.9204517 0.9441404 1.191746 1.082257 -1.026206 
48 1 0.1 -0.02692966 -1.284442 0.6612647 2.646575 1.068018 -1.042188 
48 1 10 -0.4739477 -1.482536 0.03309758 3.392077 1.064309 -1.036407 
48 1 1 -0.2159206 -1.356059 0.4158354 3.06929 1.060989 -1.042665 
48 1 Inf -0.4177142 -1.538887 0.09799097 1.496506 0.9437294 -0.9877479 
49 1 0.001 -0.2404666 -0.8176631 0.7744879 0.8637533 1.102898 -1.029234 
49 1 0.01 -0.3564359 -1.290664 0.2627785 1.680412 1.021831 -1.036269 
49 1 0.1 -0.2576829 -0.7009839 0.9167846 0.9412463 1.097813 -1.044208 
49 1 10 0.07452392 -1.059845 0.89042 2.123401 1.057688 -1.037088 
49 1 1 -0.06963455 -0.7994169 1.002459 1.361376 1.087259 -1.029564 
49 1 Inf -0.09651333 -1.140786 0.7586831 0.866706 0.9723087 -1.051846 
4 1 0.001 -0.2327218 -0.6151748 1.170948 1.171251 1.14302 -1.045269 
4 1 0.01 -0.4495066 -1.308059 0.2377744 1.357412 1.094919 -1.063926 
4 1 0.1 -0.7228327 -0.2002127 1.167231 1.019717 1.138321 -1.035291 
4 1 10 -0.5162171 -0.8465964 0.6619579 0.78088 1.116968 -1.04424 
4 1 1 -0.5026676 -0.7866996 0.7357328 0.7642773 1.126337 -1.037538 
4 1 Inf -0.7386465 -1.465798 -0.4122076 1.810258 1.129348 -1.005465 
50 1 0.001 0.1812663 -1.369624 0.8779137 2.186354 0.9117146 -1.053083 
50 1 0.01 0.07150966 -1.104335 1.007351 1.247 0.9281461 -1.062657 
50 1 0.1 -0.07062748 -0.4940332 1.416476 1.329488 0.916832 -1.035 
50 1 10 0.002035113 -0.930299 1.092894 0.9944583 0.9155707 -1.044602 
50 1 1 0.06092783 -1.122748 0.9744186 1.126012 0.9147704 -1.053144 
50 1 Inf -0.1912681 -0.202565 1.532005 1.036936 1.047911 -1.022139 
51 1 0.001 0.1804595 -0.99129 1.095347 1.75742 0.9469512 -0.8301484 
51 1 0.01 -0.05239032 -0.8023455 1.027907 1.076866 1.161673 -1.021992 
51 1 0.1 -0.1776142 -0.3646112 1.412174 2.143144 1.156576 -1.005624 
51 1 10 -0.1457257 -1.24357 0.4582354 1.182527 1.1281 -1.018524 
51 1 1 -0.1644429 -0.4481153 1.323234 1.404349 1.157718 -1.007647 
51 1 Inf 0.2760991 -1.252281 0.9727559 0.5647757 1.017524 -0.9975565 
52 1 0.001 -2.081431 -0.6968028 -0.06325232 0.265466 1.334935 -1.43438 
52 1 0.01 -0.546404 -1.746064 -0.1732036 0.9989449 0.8624546 -0.9826129 
52 1 0.1 0.05655919 -1.692926 0.4846851 0.9466987 0.8734935 -0.9790193 
52 1 10 0.003307352 -1.606001 0.4933617 0.7515419 0.8726622 -0.9664365 
52 1 1 -0.3013822 -1.777127 0.05466629 1.141847 0.8610668 -0.9794115 
52 1 Inf -2.003391 -0.8122492 -0.763895 1.377378 0.8501259 -0.9688192 
53 1 0.001 0.126651 -1.258437 0.8191503 1.42278 0.9999394 -1.11415 
53 1 0.01 -0.4766686 -0.7603285 0.7206585 0.526922 1.012042 -1.131895 
53 1 0.1 -0.2338722 -1.523536 0.2803983 1.974534 0.9829966 -1.132135 
53 1 10 -1.080796 -1.279208 -0.2797709 0.8245245 1.00869 -1.138596 
53 1 1 0.09382193 -1.349336 0.7052663 1.648839 0.9980777 -1.128356 
53 1 Inf -0.2789108 -1.446633 0.261809 1.014178 1.002586 -0.9778292 
54 1 0.001 -0.1975272 -0.6411262 0.6418002 1.251786 0.3248585 -0.2666916 
54 1 0.01 -0.2707784 -0.6183483 1.092508 0.693317 1.118825 -0.8747946 
54 1 0.1 -0.427388 -0.8143824 0.696297 0.5305735 1.100699 -0.905035 
54 1 10 0.2455599 -1.198338 0.9881086 1.58856 1.092918 -0.9061864 
54 1 1 0.06635484 -0.9044783 1.158556 1.296957 1.094343 -0.8926261 
54 1 Inf 0.2927984 -1.595394 0.457617 1.766885 1.048294 -1.085389 
55 1 0.001 0.2329551 -1.154845 0.9574044 1.436375 1.012106 -1.096761 
55 1 0.01 -0.8226915 -1.542606 -0.3443633 1.810015 1.025469 -1.116123 
55 1 0.1 -0.1428671 -1.105672 0.6698721 0.7365607 1.033971 -1.12532 
55 1 10 0.1751188 -1.512121 0.5802747 2.975236 1.02068 -1.122678 
55 1 1 -0.6004278 -1.462078 -0.06715955 1.224213 1.024273 -1.115358 
55 1 Inf 0.06991444 0.07312819 2.33906 1.401792 1.029846 -0.9393823 
56 1 0.001 0.2169505 -1.191935 0.9105829 1.331788 1.049876 -1.024861 
56 1 0.01 0.3366802 -1.046199 1.173528 1.606259 1.050437 -1.011388 
56 1 0.1 0.1488966 -0.9654564 1.064359 0.9269417 1.056488 -1.020041 
56 1 10 0.04622386 -0.7823674 1.165663 0.8856229 1.057003 -1.010333 
56 1 1 0.05304524 -1.266112 0.6894326 1.488339 1.038831 -1.025428 
56 1 Inf -0.01207493 -0.9878896 1.083428 0.9807648 0.9888867 -0.9244027 
57 1 0.001 0.06026021 -1.221903 0.7724269 0.9068672 1.04673 -1.031163 
57 1 0.01 0.2437608 -1.417195 0.7577331 1.383348 1.031519 -1.020067 
57 1 0.1 0.1860045 -1.429238 0.6862121 1.326071 1.029411 -1.025137 
57 1 10 -0.09918033 -1.521218 0.3166134 1.186194 1.027622 -1.034374 
57 1 1 0.3159054 -1.424279 0.8264531 1.736071 1.032111 -1.009385 
57 1 Inf -0.945611 -1.047146 -0.01081908 0.6904488 1.025092 -0.9417516 
58 1 0.001 0.1933199 -0.7165793 1.495577 2.749538 1.026436 -0.9992096 
58 1 0.01 -0.3742201 -0.961578 0.6710593 0.5659471 0.9963562 -1.009974 
58 1 0.1 -0.2811534 -0.3678256 1.370224 0.8756347 1.032804 -1.013791 
58 1 10 0.0197543 -0.6664664 1.370826 1.247175 1.028819 -1.007355 
58 1 1 0.03528786 -0.5910875 1.466831 1.77005 1.031293 -1.003578 
58 1 Inf 0.3199035 -1.344521 0.826422 0.8740544 1.035939 -1.133453 
59 1 0.001 0.1163057 -3.775042 4.841621 0.1930064 1.759454 -1.578065 
59 1 0.01 -0.2841671 -0.4950435 1.06075 0.5466678 1.171529 -1.057384 
59 1 0.1 0.2144529 -0.9149648 1.10096 0.9215073 1.129277 -1.048755 
59 1 10 0.4136237 -1.094924 1.076898 1.186033 1.141859 -1.055578 
59 1 1 0.2958073 -1.008158 1.055934 0.9486995 1.142448 -1.059724 
59 1 Inf -0.3497179 -0.6616392 0.9828412 0.7968102 1.094057 -1.065532 
5 1 0.001 -2.642201 -0.8680524 -0.5807527 0.5713 1.229466 -1.539564 
5 1 0.01 -0.4841696 -0.5069225 0.8897957 0.5992717 1.124641 -1.023805 
5 1 0.1 -0.316274 -0.5059006 1.05592 0.7579044 1.115535 -1.005125 
5 1 10 0.03674848 -0.5180758 1.384819 1.391632 1.122609 -1.006679 
5 1 1 -0.3925516 -0.5269526 0.9547493 0.662909 1.120365 -1.015243 
5 1 Inf -0.2589572 -0.6058114 1.140369 1.849134 1.081763 -1.036143 
60 1 0.001 -0.09407462 -1.103496 0.793137 1.022484 0.7118726 -0.8063034 
60 1 0.01 -0.1266141 -0.8722053 1.018995 0.9473213 0.9308167 -1.046234 
60 1 0.1 0.01187826 -1.030793 1.013352 1.488126 0.92255 -1.039238 
60 1 10 0.0379169 -1.05296 1.010131 1.320525 0.9269803 -1.043328 
60 1 1 -0.001769859 -1.135237 0.8978898 1.340887 0.9206982 -1.049283 
60 1 Inf 0.008496437 -0.9463471 0.8338573 0.5548966 1.092883 -1.138015 
61 1 0.001 -0.8830501 -0.9830719 0.07330785 0.5414272 0.9645915 -1.065588 
61 1 0.01 -0.1884827 -1.420431 0.3239781 1.435417 0.9417453 -1.027333 
61 1 0.1 -0.5494259 -1.454235 -0.03274853 1.646026 0.9352476 -1.047444 
61 1 10 -0.2088332 -1.402388 0.3197373 1.393795 0.9487828 -1.033313 
61 1 1 -0.6014672 -0.7171737 0.57272 0.5151711 0.9572407 -1.02264 
61 1 Inf -0.3649744 -0.7544482 0.8863038 1.550229 0.9442253 -1.037126 
62 1 0.001 -0.01766684 -0.9065976 0.9798791 1.265989 0.9077293 -0.6847537 
62 1 0.01 -0.07785248 -0.695597 1.225016 2.118526 1.173838 -0.8874292 
62 1 0.1 -0.1309137 -0.6850663 1.175693 1.679481 1.174256 -0.8883785 
62 1 10 -0.144037 -0.6282982 1.24318 2.014854 1.181115 -0.885626 
62 1 1 -0.4190071 -0.5956053 0.9795086 0.9378209 1.180585 -0.8876658 
62 1 Inf -0.3079568 -0.5011149 1.119448 0.5166457 1.016511 -0.9987349 
63 1 0.001 -0.0759888 -1.007324 0.6696603 1.202322 0.487661 -0.5386791 
63 1 0.01 -0.9264957 -1.260667 -0.1671332 0.7226204 1.063065 -1.17806 
63 1 0.1 0.03445149 -1.468572 0.4571536 1.266953 1.022637 -1.117441 
63 1 10 -0.7900588 -1.511808 -0.2958674 1.354604 1.042257 -1.157088 
63 1 1 -0.3504642 -1.416 0.1749426 0.9875751 1.038107 -1.152874 
63 1 Inf -0.9839708 -1.339881 -0.4030498 1.119898 1.014909 -1.089721 
64 1 0.001 -1.520422 -0.6719757 0.2579917 1.092421 1.634759 -1.80642 
64 1 0.01 0.2287011 -1.222517 0.8027381 1.726823 1.034048 -1.109643 
64 1 0.1 -0.1064366 -1.20966 0.5282202 1.160134 1.056576 -1.129511 
64 1 10 0.1823658 -1.274941 0.7304263 2.009471 1.033518 -1.105487 
64 1 1 0.0797466 -1.413028 0.4868721 1.729696 1.037808 -1.118585 
64 1 Inf -1.17962 -0.6612553 0.2557345 0.3133166 1.062285 -1.053505 
65 1 0.001 -4.424328 -0.3389505 -0.9988237 0.1978785 1.769631 -1.760834 
65 1 0.01 -0.1146782 -1.312722 0.4189508 0.7652619 1.073118 -1.06006 
65 1 0.1 0.3432378 -1.208585 0.9511667 1.175183 1.088374 -1.054424 
65 1 10 0.1932961 -1.197932 0.8136936 0.8513882 1.083446 -1.04776 
65 1 1 -0.9283644 -1.281904 -0.3097294 0.7106694 1.073884 -1.071092 
65 1 Inf -0.2226256 -0.6321605 1.177442 2.458736 1.091256 -0.9509544 
66 1 0.01 0.3655226 -0.939033 1.27942 1.193189 1.041303 -1.049821 
66 1 0.1 0.3799857 -0.9650233 1.235645 1.131909 1.027821 -1.026914 
66 1 10 -0.05545139 -0.8581678 0.9021479 0.5523479 1.080782 -1.064047 
66 1 1 0.2332414 -0.6925274 1.359396 1.014851 1.085177 -1.044866 
66 1 Inf 0.3665477 -1.67729 0.3624223 1.042268 1.049419 -1.065595 
67 1 0.001 -0.08518792 -0.6436825 1.207096 3.114397 0.4859425 -0.503781 
67 1 0.01 -0.3148023 -1.13652 0.5657316 1.129383 0.9445119 -1.008463 
67 1 0.1 -0.339199 -0.9992592 0.6629309 0.8753863 0.9978677 -1.022861 
67 1 10 0.07666636 -0.8805655 1.1648 2.276294 1.027518 -1.023791 
67 1 1 -0.1716557 -1.063763 0.7758042 1.276853 0.9876288 -1.025687 
67 1 Inf 0.5196967 -1.565482 0.8472228 1.436317 0.9977508 -1.077358 
68 1 0.001 0.005054354 -0.8035313 1.074126 3.148183 0.4337299 -0.4566266 
68 1 0.01 0.3512632 -1.220893 1.023733 1.38216 0.9915568 -1.052686 
68 1 0.1 -0.003886857 -0.9824255 0.9137212 0.7909697 0.9803566 -1.053427 
68 1 10 0.1905703 -1.145395 0.9462528 1.103162 0.9973884 -1.067453 
68 1 1 0.2092211 -1.332345 0.8082049 1.443819 0.976558 -1.068705 
68 1 Inf 0.2704328 -1.041051 1.123456 0.8440094 0.9847598 -1.005155 
69 1 0.001 0.1764516 -1.052661 1.07105 1.029445 0.9680246 -1.038592 
69 1 0.01 -0.127126 -0.2236692 1.574095 1.839459 0.9673052 -1.014734 
69 1 0.1 0.3002033 -0.9308564 1.305049 1.756216 0.9698466 -1.02579 
69 1 10 0.2235008 -1.090849 1.081498 1.195169 0.9662337 -1.034872 
69 1 1 0.1458892 -1.20246 0.9094385 1.130058 0.9569939 -1.038188 
69 1 Inf -1.35945 -1.202719 -0.6474275 0.6646182 1.043764 -0.9638851 
6 1 0.001 0.3835805 -1.268139 1.045734 1.002491 1.027171 -0.957216 
6 1 0.01 0.2975484 -0.9890738 1.264791 0.8519322 1.026868 -0.9291882 
6 1 0.1 0.2099507 -1.078807 1.060574 0.6589024 1.027924 -0.9454106 
6 1 10 0.5358568 -1.331092 1.137879 1.377691 1.022451 -0.9468914 
6 1 1 0.2824452 -1.379142 0.8183087 0.8600491 1.01861 -0.9582162 
6 1 Inf -0.3816487 -0.5903375 0.9645688 0.5768279 1.024805 -0.963324 
70 1 0.001 -0.4031107 -1.116544 0.4687252 0.3991657 1.091697 -1.071383 
70 1 0.01 -0.1696787 -1.14895 0.6308271 0.4458688 1.005527 -0.9704996 
70 1 0.1 0.2337575 -1.247318 0.9512443 0.6892813 1.000088 -0.9586213 
70 1 10 -0.05821952 -1.277034 0.6214283 0.52894 0.9817186 -0.9527322 
70 1 1 0.5185776 -1.210475 1.30436 1.412492 0.9902993 -0.9353597 
70 1 Inf -0.5122249 -0.4793381 1.063591 1.134944 1.007892 -1.008905 
71 1 0.001 -0.2013551 -1.184808 0.5549408 0.8460413 1.020754 -1.029727 
71 1 0.01 -0.07662248 -1.178392 0.6986609 0.9424342 1.045445 -1.025905 
71 1 0.1 -0.1848677 -1.42006 0.3628217 1.408324 1.019409 -1.010487 
71 1 10 -0.02776057 -0.8914498 1.052651 0.9835217 1.026932 -0.9774294 
71 1 1 0.05171819 -1.220362 0.7821523 1.194834 1.019602 -0.9997687 
71 1 Inf -0.1369626 -0.9548911 0.774541 0.8059099 1.065958 -1.072931 
72 1 0.001 -0.1126633 -0.850251 0.7818137 1.053368 0.4800239 -0.4581058 
72 1 0.01 -0.2809774 -0.3913523 1.26729 0.6539447 1.075308 -0.9928275 
72 1 0.1 -0.1804912 -0.7422527 0.9834221 0.5612248 1.049153 -0.9819119 
72 1 10 0.1596645 -0.7185527 1.361547 1.02298 1.064013 -0.9826768 
72 1 1 -0.3388422 -0.6596367 0.9117706 0.4892336 1.063115 -0.9905233 
72 1 Inf 0.3353918 -0.6868393 1.529777 1.016617 1.069103 -0.9962186 
73 1 0.001 -0.2127036 -1.06655 0.8070594 1.091745 0.9809938 -0.9904919 
73 1 0.01 -0.4458215 -0.94613 0.6856026 0.7403409 1.002767 -1.008771 
73 1 0.1 -0.7897652 -0.892281 0.3876292 0.5668979 0.9963803 -0.9990959 
73 1 10 -0.1071457 -0.9730379 0.9946491 1.264142 0.9934852 -0.9885448 
73 1 1 -0.2816974 -0.9857548 0.8028939 0.8902788 0.9907981 -0.9930122 
73 1 Inf 0.3425057 -1.454344 0.6506048 1.751081 1.15001 -1.029211 
74 1 0.001 0.3578234 -0.8968722 1.402143 1.547393 1.071214 -1.006389 
74 1 0.01 0.06916172 -1.244804 0.7805641 1.510454 1.053007 -1.012455 
74 1 0.1 0.005201883 -1.170973 0.7510673 0.6539006 1.053001 -1.000731 
74 1 10 0.5168324 -1.261044 1.169673 1.991769 1.055187 -1.008295 
74 1 1 0.3591604 -1.36404 0.9290108 1.604837 1.044265 -1.004852 
74 1 Inf 0.1399332 -0.9453991 1.131371 0.6231896 1.089255 -0.9548749 
75 1 0.001 -1.711795 0.0980299 0.8038225 1.081733 1.373985 -1.205243 
75 1 0.01 -1.309559 -0.6564943 0.07417521 0.7111388 1.083202 -1.009892 
75 1 0.1 -0.4974829 -0.6844265 0.8696761 1.741451 1.101193 -1.002874 
75 1 10 -0.4024954 -0.6219011 1.020968 2.155203 1.103972 -0.9957806 
75 1 1 -0.1514784 -0.7175869 1.137707 2.304183 1.101217 -0.9977195 
75 1 Inf -0.04148018 -0.83385 1.080509 1.042101 1.097889 -0.9837636 
76 1 0.001 -0.05143077 -1.158137 0.7748497 0.8134433 1.010065 -0.9436364 
76 1 0.01 -0.01840595 -1.169464 0.7963035 0.8578043 1.010635 -0.9468352 
76 1 0.1 0.23563 -1.237033 1.016747 1.676165 1.008574 -0.9379764 
76 1 10 0.2965395 -1.358936 0.9348968 1.974355 1.002347 -0.9383716 
76 1 1 0.1122984 -1.290954 0.8190799 1.208177 0.999733 -0.9449623 
76 1 Inf -0.3960567 -0.9058199 0.6155835 0.661736 1.039754 -1.016524 
77 1 0.001 -0.3252322 -0.6303657 1.23254 1.532373 1.26479 -1.081253 
77 1 0.01 -0.03493872 -0.622236 1.496989 1.290912 1.075722 -0.8964729 
77 1 0.1 -0.1212586 -0.5208409 1.547662 3.201405 1.051472 -0.8633739 
77 1 10 -0.1038366 -0.8570855 1.126109 0.7299091 1.034077 -0.863903 
77 1 1 -0.02071052 -0.7538732 1.349759 1.01258 1.038301 -0.862084 
77 1 Inf 0.132801 -0.9586165 1.172948 0.7150863 1.062189 -0.9576118 
78 1 0.001 0.13605 -0.7621725 1.361462 1.056867 0.8018507 -0.8319287 
78 1 0.01 -0.07674485 -0.2905154 1.585899 0.9865749 0.9979114 -1.010473 
78 1 0.1 0.2303437 -0.8953322 1.280793 0.8042093 0.9888681 -1.002087 
78 1 10 -0.05318382 -1.050754 0.8374415 0.5343815 0.9920271 -1.023962 
78 1 1 -0.4583405 -0.1606801 1.331384 0.571709 0.9894267 -1.00411 
78 1 Inf -0.2499556 -0.2967267 1.488751 0.9434556 1.011698 -0.940396 
79 1 0.001 -0.1676887 -0.9902915 0.5611287 0.7112083 0.6501526 -0.663245 
79 1 0.01 -0.598357 -0.1367025 1.145963 0.5824287 1.118534 -1.105399 
79 1 0.1 0.3194725 -1.279256 0.8234955 1.300379 1.081504 -1.113432 
79 1 10 0.2046745 -0.9333499 1.065687 0.9255361 1.086241 -1.096478 
79 1 1 0.1201423 -1.414355 0.5106731 1.286845 1.085036 -1.115388 
79 1 Inf -0.01973907 -0.8998082 0.7397502 0.4620724 1.104133 -1.240632 
7 1 0.01 0.1199895 -1.092848 0.9895847 1.44646 0.9860012 -1.023396 
7 1 0.1 0.06600847 -1.353876 0.6904509 2.141018 0.9686828 -1.005714 
7 1 10 -2.286546 -0.9022949 -1.135117 1.272308 0.9958331 -1.05362 
7 1 1 -0.335008 -1.17389 0.4670003 0.8227914 0.9868617 -1.043609 
7 1 Inf 0.5474381 -1.38152 0.7567487 1.360711 1.123332 -1.068947 
80 1 0.001 0.09351314 -1.485229 0.5154635 1.633998 1.048102 -1.073925 
80 1 0.01 -0.2744916 -1.02895 0.6061078 0.5938124 1.046491 -1.050757 
80 1 0.1 -1.309484 -0.8731505 -0.2075856 0.4469469 1.039972 -1.071213 
80 1 10 -0.3297399 -1.144034 0.4461749 0.6491368 1.030623 -1.055731 
80 1 1 -1.001132 -0.9117365 0.0371509 0.4479654 1.033837 -1.06441 
80 1 Inf 0.01729748 -0.4693638 1.447864 1.215222 1.066727 -1.030342 
81 1 0.001 -0.9928976 -0.5194917 1.927315 1.787857 1.430552 -0.5256532 
81 1 0.01 -0.1004143 -1.165982 0.5524491 0.5163148 1.032883 -1.074672 
81 1 0.1 -0.8732191 -1.030359 -0.02221185 0.3824892 1.055361 -1.107417 
81 1 10 -0.4448548 -1.440181 -0.02515525 0.6643025 1.039106 -1.09922 
81 1 1 -0.602463 -1.321677 -0.05438667 0.5456395 1.038941 -1.104243 
81 1 Inf -0.5535749 -0.473468 0.9271603 1.400062 1.065075 -1.039051 
82 1 0.001 -1.547835 -0.7137497 0.02442588 0.5561259 1.192514 -1.400239 
82 1 0.01 -0.6197636 -0.8724756 0.4506476 0.5976131 1.012356 -1.167314 
82 1 0.1 -0.484297 -0.9305296 0.5322244 0.6880217 1.025277 -1.181024 
82 1 10 0.1032439 -0.9960894 0.9922148 1.725763 1.011296 -1.156696 
82 1 1 -0.2511791 -0.697593 0.9387516 0.809753 1.025485 -1.159704 
82 1 Inf -0.2505265 -1.414258 0.3562077 1.917283 0.9974808 -1.058472 
83 1 0.001 -0.8105959 -0.8427428 0.3953123 0.8575392 1.351032 -1.464336 
83 1 0.01 0.1139215 -1.076821 0.8414615 0.9729273 1.080747 -1.145525 
83 1 0.1 0.1695807 -1.073696 0.8797686 1.041274 1.083344 -1.148311 
83 1 10 0.3508422 -0.9302704 1.176803 1.536885 1.090924 -1.143184 
83 1 1 0.3690923 -1.020838 1.102749 1.549858 1.087379 -1.151939 
83 1 Inf -0.4977357 -0.7645177 0.8083871 1.982256 1.07334 -1.058267 
84 1 0.001 -0.4821348 -0.5676063 1.134706 0.8287737 0.8402501 -0.5804276 
84 1 0.01 -0.4305381 -0.7655638 1.080109 0.9259662 1.001199 -0.6990374 
84 1 0.1 -0.5297685 -0.5992793 1.195668 0.9602046 1.034188 -0.7079905 
84 1 10 -0.4837225 -0.7126437 1.091492 0.9055735 1.025452 -0.7101985 
84 1 1 -0.5294224 -0.697193 1.06138 0.8397262 1.027543 -0.7037346 
84 1 Inf 0.06472014 -1.109021 0.9214019 0.718464 1.040674 -1.013894 
85 1 0.001 -0.1584355 -0.9424427 0.9598722 1.029409 1.021067 -0.9612041 
85 1 0.01 -0.3459022 -0.5876474 1.149531 0.9508777 1.025239 -0.9502035 
85 1 0.1 -0.07198806 -0.9433727 1.047769 1.228373 1.031203 -0.9607802 
85 1 10 -0.9989933 -1.107555 -0.05723767 0.6765367 1.005034 -0.9702931 
85 1 1 -0.3459157 -0.9093068 0.7935657 0.7506942 1.031767 -0.9698873 
85 1 Inf 0.0439004 -1.361094 0.8258521 1.644596 0.7873154 -1.137127 
86 1 0.001 0.1934431 -1.12806 0.9930784 1.440583 0.8861807 -0.8811628 
86 1 0.01 -0.07220998 -0.6941244 1.14425 0.8226209 1.029982 -1.011383 
86 1 0.1 -0.4656167 -0.6653991 0.790811 0.5060865 1.046188 -1.034316 
86 1 10 -0.4448685 -0.4353887 1.052973 0.593143 1.055622 -1.024201 
86 1 1 -0.5250726 -0.6718955 0.7288327 0.4882366 1.041794 -1.038081 
86 1 Inf 0.06695962 -0.6727445 1.241702 1.01802 1.041482 -1.068699 
87 1 0.001 -0.5018575 -0.9738837 0.4805068 2.692167 1.344735 -1.145653 
87 1 0.01 -0.1335993 -0.8295424 0.9085665 1.450431 1.129885 -0.9655964 
87 1 0.1 -0.2523492 -1.247296 0.3213723 1.796423 1.181698 -1.012045 
87 1 10 -0.09309323 -0.7313209 1.083924 1.883266 1.149311 -0.9756836 
87 1 1 -0.08671336 -1.314782 0.4007835 2.634577 1.148067 -0.9906204 
87 1 Inf -0.4299119 -0.9275619 0.742386 0.7793171 1.022522 -1.001725 
88 1 0.001 -0.1779458 -0.8303757 1.022765 0.4643234 1.029351 -0.957343 
88 1 0.01 -1.804026 0.8979362 1.290921 0.7357156 1.074753 -0.9840001 
88 1 0.1 -0.2871459 -0.7661781 1.002626 0.4397577 1.063305 -0.9892413 
88 1 10 0.05224147 -0.8345866 1.291434 0.6593796 1.051975 -0.9723977 
88 1 1 0.09758047 -0.7345351 1.434002 0.7616305 1.063493 -0.973124 
88 1 Inf -0.01889784 -0.5206625 1.41882 1.425043 1.079215 -1.010355 
89 1 0.001 -1.103793 0.06155833 1.685897 1.235011 1.572549 -1.129041 
89 1 0.01 0.4301636 -0.9194304 1.321123 0.6675665 1.101159 -1.007539 
89 1 0.1 0.6333213 -0.8732237 1.57781 1.257791 1.130744 -0.9942567 
89 1 10 0.404313 -0.8803039 1.321764 0.632227 1.123129 -1.017171 
89 1 1 0.5089863 -0.8033412 1.522577 0.9321962 1.13746 -1.003448 
89 1 Inf -0.2633567 -0.5680921 1.193732 0.8700426 0.9126209 -1.077348 
8 1 0.001 -0.3034927 -0.7210279 0.8782851 0.6678236 1.076739 -1.105201 
8 1 0.01 -0.08359539 -0.8242276 0.9730032 0.9002207 1.041129 -1.061856 
8 1 0.1 -0.2576511 -0.8971855 0.7465995 0.7092967 1.052291 -1.102112 
8 1 10 -0.2505255 -0.7438147 0.8988906 0.7285837 1.0613 -1.083574 
8 1 1 -0.2212521 -0.6888154 0.9764876 0.7607178 1.067945 -1.08042 
8 1 Inf 0.1832351 -1.042901 0.9615362 0.8632345 1.122708 -1.037266 
90 1 0.001 0.0184428 -1.106647 0.6651501 0.7059818 1.075954 -1.191932 
90 1 0.01 0.1835167 -1.012712 0.8865661 0.7819795 1.040471 -1.154143 
90 1 0.1 0.3125336 -0.9793359 1.021398 0.8845564 1.060525 -1.176954 
90 1 10 0.3491681 -1.176029 0.8813245 1.135519 1.048431 -1.175343 
90 1 1 0.2208268 -1.02654 0.9035719 0.8011562 1.057401 -1.170533 
90 1 Inf -0.4671242 -0.6885075 0.808991 0.3838953 1.036416 -1.011608 
91 1 0.001 0.156992 -1.042871 1.002942 0.5795584 0.9976982 -1.112445 
91 1 0.01 0.3845028 -1.210644 1.088565 0.8592692 0.9853938 -1.11563 
91 1 0.1 0.346505 -1.170908 1.092934 0.8098524 0.9774584 -1.102241 
91 1 10 0.3101417 -0.7580381 1.410099 0.7894535 0.9979687 -1.111984 
91 1 1 0.04173213 -1.098116 0.8549337 0.5218265 0.9947098 -1.127131 
91 1 Inf -0.488641 -1.344118 0.1952087 0.7972843 1.033339 -0.9390788 
92 1 0.001 -0.5905773 -1.273243 0.3911976 1.061318 1.232926 -1.388982 
92 1 0.01 0.1994418 -1.139905 1.12905 1.163798 0.9328097 -1.020074 
92 1 0.1 0.2396287 -1.457191 0.8652684 1.78905 0.9231544 -1.022493 
92 1 10 0.2334524 -1.127894 1.175081 1.217906 0.9184298 -0.9990033 
92 1 1 0.2943108 -1.378354 1.014919 4.881106 0.9157029 -1.013946 
92 1 Inf -0.1761695 -1.10541 0.747101 0.9852523 0.9845651 -1.054965 
93 1 0.001 0.1119211 -1.622694 0.420909 2.511596 1.048601 -0.9807151 
93 1 0.01 0.01633331 -1.136869 0.8488184 0.8221926 1.053858 -0.9764896 
93 1 0.1 0.1059979 -1.384787 0.6847699 1.278331 1.038865 -0.9737508 
93 1 10 0.2002625 -1.158118 1.022621 1.25306 1.052204 -0.9642745 
93 1 1 0.1940318 -0.7498265 1.46771 2.122626 1.063672 -0.9534658 
93 1 Inf -0.4367505 -1.368173 0.2583146 1.076524 0.9109895 -1.066594 
94 1 0.001 -0.3013789 -1.227086 0.1627054 1.745552 0.4695991 -0.5168491 
94 1 0.01 -0.0567171 -0.6953048 1.178536 1.57246 1.002783 -1.03211 
94 1 0.1 -0.08373342 -0.8959254 0.9390837 1.137357 0.9994823 -1.047052 
94 1 10 -0.2345519 -0.7591965 0.9212312 0.8548802 1.003717 -1.050525 
94 1 1 0.08781166 -0.96431 1.06512 2.433366 0.9873058 -1.034936 
94 1 Inf 0.2994873 -1.165832 0.8617879 0.7385597 1.119824 -1.005466 
95 1 0.001 -1.636772 -0.2644431 0.5999028 0.3410647 1.715737 -1.442236 
95 1 0.01 -1.432368 0.4834532 1.131546 0.682996 1.16143 -0.9887975 
95 1 0.1 -0.3180539 -1.354376 0.1119753 0.8009112 1.146823 -1.025171 
95 1 10 0.0116297 -1.432152 0.3488845 1.102737 1.140162 -1.025029 
95 1 1 -0.07147641 -0.5967255 1.225467 0.8444042 1.15659 -0.9936395 
95 1 Inf -0.6461773 -0.8869659 0.4804334 0.772999 1.023238 -0.9844616 
96 1 0.001 -0.006140968 -0.8930655 0.9176071 0.3519113 1.016365 -1.068729 
96 1 0.01 -0.08354873 -1.049373 0.7001912 0.3544249 1.007181 -1.069054 
96 1 0.1 0.03768622 -0.8853681 0.9655044 0.3669885 1.014365 -1.060257 
96 1 10 -0.3159006 -0.826042 0.6830844 0.2988112 1.017138 -1.073885 
96 1 1 -0.061129 -0.8626339 0.8920547 0.3446779 1.014418 -1.061436 
96 1 Inf 0.2708137 -1.119437 0.9441734 1.806862 1.062723 -1.1186 
97 1 0.001 -0.8042065 -2.192584 0.02278293 0.2571398 1.214505 -1.597292 
97 1 0.01 -0.8238603 -0.3971052 0.7343984 0.3708946 0.988988 -1.035506 
97 1 0.1 -0.86649 -0.4010218 0.7177782 0.3654932 0.9981235 -1.048738 
97 1 10 -0.3430069 -0.1679409 1.448395 0.7868278 1.001371 -1.018801 
97 1 1 -0.8181382 -0.4238386 0.7274333 0.3755861 0.9860168 -1.037638 
97 1 Inf -0.1953527 -0.8244686 0.9951451 1.85416 1.074608 -1.047225 
98 1 0.001 -0.07247101 -0.9379472 0.938407 0.9150012 1.055284 -0.992221 
98 1 0.01 0.06038693 -1.041621 0.9762066 1.443479 1.048926 -0.9877838 
98 1 0.1 0.06565967 -1.191926 0.8151469 1.510551 1.045084 -1.004671 
98 1 10 -0.3051984 -0.1607002 1.547092 2.643784 1.057575 -0.97864 
98 1 1 0.06543719 -1.032174 0.9732192 1.224419 1.055096 -0.9918248 
98 1 Inf -0.4926451 -0.338152 1.223103 0.7444264 1.046713 -0.9575635 
99 1 0.001 -0.09144073 -0.9662481 0.985033 1.681462 1.004558 -1.042643 
99 1 0.01 0.0285148 -0.8095471 1.213199 1.489711 1.018327 -1.034776 
99 1 0.1 -0.4916324 -0.6791952 0.9734582 2.142265 1.008327 -1.032799 
99 1 10 -0.2592277 -0.9607448 0.7951445 0.8286621 1.00421 -1.031944 
99 1 1 -0.4552477 -0.8908005 0.6670696 0.6416295 1.009198 -1.033983 
99 1 Inf -0.3394468 -1.547719 0.1374211 0.5307758 1.001373 -1.023251 
9 1 0.001 -2.168413 -0.525799 -0.2747246 0.5379273 1.260754 -1.412371 
9 1 0.01 -0.05959714 -1.014113 0.8266804 1.508429 1.051391 -1.179557 
9 1 0.1 -0.1560496 -0.8601479 0.8778194 1.222854 1.070514 -1.182324 
9 1 10 -0.2897304 -1.014402 0.627378 1.03877 1.056536 -1.179637 
9 1 1 0.04187461 -0.7204053 1.163475 2.15922 1.067539 -1.186398 
9 1 Inf -0.3309421 -1.401586 0.1890696 1.537818 1.059872 -1.10333 
